CyberShake 30 0.4 5020.94977 5.03738 55 5105.93971 0.60042 17 5019.48297 2.38409 149 5065.87965 1.80655 37 5022.27234 2.05738 101 6483.37268 1.12603 404 
CyberShake 30 0.4 5021.37340 2.88982 34 5105.93971 0.68064 22 5021.30486 1.99674 141 5065.69385 2.49438 51 5022.12206 3.29210 134 5023.20985 0.87102 319 
CyberShake 30 0.4 5019.96877 3.24626 39 5105.93971 0.88484 31 5019.46919 1.82096 150 5065.69385 1.31790 29 5019.73775 1.90369 98 5109.23949 0.40655 138 
CyberShake 30 0.4 5019.93080 7.22534 83 5105.93971 0.61906 19 5019.55194 1.85285 119 5065.87965 1.88109 35 5019.93080 3.25844 126 5020.97250 0.63004 227 
CyberShake 30 0.4 5020.84851 2.62170 36 5105.93971 0.45756 18 5019.48297 1.65086 152 5065.69385 1.16153 26 5019.97276 1.49881 88 5069.55809 0.58438 208 
CyberShake 30 0.4 5019.93080 4.89824 67 5105.93971 0.43080 17 5019.48297 1.85506 162 5065.87965 1.21535 31 5019.65500 2.16499 129 5031.79244 0.99326 374 
CyberShake 30 0.4 5020.81053 3.24117 44 5105.93971 0.50612 17 5019.57420 1.47712 136 5066.14167 0.79864 20 5023.62428 1.17979 73 5061.17304 0.47314 162 
CyberShake 30 0.4 5019.93080 6.14062 84 5105.93971 0.44030 17 5019.75726 1.43542 134 5066.14167 0.94530 21 5022.58460 2.00411 122 5044.03107 0.63418 229 
CyberShake 30 0.4 5019.93080 5.11506 69 5105.93971 0.44226 17 5021.31864 1.74819 157 5065.69385 1.31685 34 5020.39147 1.30973 81 5023.63332 0.56948 202 
CyberShake 30 0.4 5021.24420 3.16692 44 5105.93971 0.58288 23 5019.66878 1.93826 170 5065.69385 2.16441 56 5019.93080 1.76668 101 6253.95401 0.56330 201 
CyberShake 30 0.7 5144.61682 5.14571 69 3858.56074 1.52530 59 3853.92804 2.86669 260 3853.36734 4.36881 78 3853.38979 4.82177 284 4416.51610 1.74965 660 
CyberShake 30 0.7 4416.52480 13.53235 184 3858.56074 1.82667 66 3853.36014 4.11603 374 3853.38008 3.81073 68 3854.90838 3.56901 214 6316.87983 1.04271 376 
CyberShake 30 0.7 5276.89066 8.26914 113 3858.56074 1.59267 61 5365.79040 2.34604 205 3853.36734 3.16783 56 3853.93671 5.06442 305 4460.54627 0.87172 319 
CyberShake 30 0.7 4542.85526 10.22946 137 3858.56074 1.37849 53 3853.38008 3.42351 311 3853.36734 4.35649 78 3854.83952 5.58025 337 3857.17678 1.68907 638 
CyberShake 30 0.7 4418.60169 13.29376 176 3858.79904 1.58699 55 5365.79040 2.15913 196 3853.65725 4.42280 77 3853.92078 4.90046 290 5194.23754 0.96813 342 
CyberShake 30 0.7 3853.97193 16.04206 216 3858.56074 1.44731 56 3854.37024 2.22879 203 3853.36734 2.67460 45 3854.30713 4.77189 289 5590.07469 0.87647 316 
CyberShake 30 0.7 5367.73580 7.06706 96 3858.79904 1.43404 50 5365.79040 2.53381 235 3853.64451 3.27522 58 3853.64451 5.11261 310 4465.78901 1.64720 630 
CyberShake 30 0.7 5375.40807 7.82345 106 3858.56074 1.68378 61 3853.74008 3.24695 298 3853.36734 2.97498 54 3853.86205 5.20207 323 5193.65674 1.48652 542 
CyberShake 30 0.7 4541.04133 20.89901 284 3858.56074 1.62203 62 3853.36014 3.64499 327 3853.36734 4.27909 76 3854.13423 4.93093 295 3856.59636 1.68088 631 
CyberShake 30 0.7 5154.68721 10.59451 140 3858.56074 1.76504 63 3854.34104 3.40056 310 3853.36734 2.14882 38 3853.52256 4.15911 252 5194.13925 1.54289 563 
CyberShake 30 1.0 2873.91852 6.41160 90 2874.03645 1.65722 58 2870.12679 3.30400 310 2866.53857 3.53921 48 3125.67361 7.37714 443 2870.73384 3.25224 1336 
CyberShake 30 1.0 2871.64630 13.11126 183 2874.03645 1.34954 46 2869.24377 4.74895 458 2862.23597 8.10110 110 3342.97569 5.80363 367 4113.15986 1.49065 603 
CyberShake 30 1.0 2871.73960 12.03029 164 2874.02694 1.96351 69 2869.51386 4.66829 447 2869.22078 9.84586 137 2875.82745 8.89759 572 4181.88708 0.77048 298 
CyberShake 30 1.0 2871.83551 20.43926 281 2874.03645 1.76468 61 2869.82418 4.13166 392 2869.22078 9.41169 131 3005.29747 10.62138 654 4872.04088 1.16196 433 
CyberShake 30 1.0 2871.96262 8.16095 113 2874.03645 1.37581 50 2869.82418 3.08215 293 2861.91596 11.51088 155 3015.44484 8.36753 510 2874.33781 1.72713 690 
CyberShake 30 1.0 2871.20043 11.89953 166 2873.89671 2.36331 85 2868.70933 3.91130 362 2862.59057 8.24286 110 3339.32488 6.03389 365 4869.98795 1.00555 392 
CyberShake 30 1.0 2871.29205 13.96030 195 2874.03645 1.21730 42 2869.57133 4.08965 389 2869.07499 10.22182 140 3004.78375 9.50984 565 2872.59367 1.43358 564 
CyberShake 30 1.0 2872.57549 9.94645 137 2874.03645 2.26782 76 2869.39318 4.30464 416 2862.68390 7.71989 105 3005.87939 17.79397 1099 2872.39908 2.31384 925 
CyberShake 30 1.0 2871.78414 11.96810 166 2873.89671 3.93072 139 2870.04255 3.65827 352 2862.33107 9.25658 126 3351.69841 7.33374 461 2875.23775 1.23017 500 
CyberShake 30 1.0 2871.64161 18.00762 254 2874.03645 1.60365 55 2868.92770 4.23365 404 2867.56410 3.63007 51 3123.33216 4.30771 266 6086.02285 0.91820 343 
CyberShake 50 0.4 8157.13203 5.18732 53 8276.97265 2.03427 30 8150.24006 6.34189 217 8148.13919 3.13725 27 8158.78056 5.64928 228 8251.74176 1.97148 399 
CyberShake 50 0.4 8156.87020 9.48417 95 8276.96244 1.48978 22 8152.57468 5.68334 193 8148.13919 3.47100 30 8153.19686 3.45221 144 8011.20770 0.67416 128 
CyberShake 50 0.4 8162.49802 12.26144 123 8276.96244 2.20762 33 8160.67871 7.13279 238 8148.13919 3.17645 27 8158.61844 6.89566 290 8224.71474 0.69285 128 
CyberShake 50 0.4 8158.25643 11.54410 117 8276.96244 2.12573 31 8140.15750 7.94042 274 8148.13919 3.25847 28 8155.76481 4.91400 200 8252.34816 0.66421 128 
CyberShake 50 0.4 8162.75107 15.45108 154 8276.96244 2.93221 44 8154.23053 5.81438 193 8148.13919 2.96681 26 8169.01655 5.75973 238 8175.58541 1.76675 351 
CyberShake 50 0.4 8161.80534 11.97834 121 8278.24413 0.91706 13 8142.73567 6.98463 237 8148.20700 3.40860 30 8156.01906 4.04300 168 8236.11348 0.67692 128 
CyberShake 50 0.4 8162.67389 11.26012 115 8276.96244 1.95278 29 8151.64131 7.14497 240 8148.13919 1.97805 17 8171.78723 3.60537 149 8199.24936 1.54011 305 
CyberShake 50 0.4 8157.37599 7.01718 70 8276.96244 2.97875 44 8137.85501 6.38277 221 8148.13919 3.16828 27 8157.15147 5.22981 214 8206.35120 3.09579 622 
CyberShake 50 0.4 8156.62508 13.83019 143 8276.97265 0.91257 13 8152.72377 7.12204 242 8148.20700 1.99527 17 8154.29938 7.86058 326 8184.96064 1.79441 362 
CyberShake 50 0.4 8157.47748 8.65213 86 8276.96244 2.01758 30 8153.77772 6.57438 219 8148.13919 3.71342 33 8156.31524 6.41907 267 8164.29791 0.67811 128 
CyberShake 50 0.7 5060.91933 29.18088 305 5138.79081 11.81799 169 5047.00632 12.03291 448 5043.32613 22.43633 131 5232.63057 11.83079 503 6228.58191 4.03517 841 
CyberShake 50 0.7 5238.68525 19.47105 200 5137.08251 11.74463 170 5066.75255 9.98244 342 5055.76304 28.70913 169 5617.49885 19.65704 831 7798.63887 2.06328 418 
CyberShake 50 0.7 5088.42118 10.33754 108 5139.93940 14.62300 209 5056.86467 8.82149 309 5056.10569 17.25211 100 5637.35807 11.32653 491 6544.19027 3.47632 763 
CyberShake 50 0.7 5065.54531 28.99734 299 5146.74890 15.74508 223 5101.08229 8.93004 316 5058.56556 7.44680 43 5067.41679 11.62841 494 7425.90483 4.04882 810 
CyberShake 50 0.7 5063.19659 19.48811 200 5206.70333 3.75104 53 5044.73526 13.11352 487 5049.09516 21.43766 125 5069.98470 15.56453 686 6116.23178 7.10672 1506 
CyberShake 50 0.7 5066.25751 38.91024 401 5160.80837 10.75349 154 5056.31131 13.15063 482 5035.33912 34.25399 200 5214.58977 17.68104 753 7675.68917 4.12342 859 
CyberShake 50 0.7 5077.30041 17.69365 184 5220.67601 11.13997 163 5079.39608 11.70953 407 5044.05844 24.33394 141 5185.38480 11.58999 502 6110.81419 6.43669 1373 
CyberShake 50 0.7 5067.74982 21.81257 225 5155.95370 13.78993 200 5075.86972 11.56963 405 5034.69868 41.96318 240 5460.94092 10.32467 430 6179.55378 4.76802 990 
CyberShake 50 0.7 5083.61084 26.01662 269 5231.58702 14.96917 219 5167.15191 13.86859 494 5056.27154 18.24366 105 5095.79333 8.66117 375 6938.44580 6.79937 1455 
CyberShake 50 0.7 5084.47097 13.75420 145 5153.48153 11.98179 174 5068.60211 10.85092 404 5058.40917 9.48021 54 5092.98120 14.45582 607 5664.06953 4.53310 951 
CyberShake 50 1.0 4340.84939 18.97633 206 4324.53230 11.11609 155 4359.78858 9.86904 364 4323.69987 20.09840 91 4810.74356 20.18074 894 4339.86945 8.46733 1955 
CyberShake 50 1.0 4339.65869 42.61360 474 4325.04223 10.39428 143 4368.50011 8.42167 312 4321.63464 40.86176 184 4652.00976 28.97890 1231 4371.23309 5.47040 1277 
CyberShake 50 1.0 4337.71975 18.20880 200 4325.24613 16.66471 233 4355.83649 13.63714 501 4322.79949 55.87835 254 4751.65500 27.88945 1270 4350.33198 5.92798 1323 
CyberShake 50 1.0 4338.77285 18.76621 202 4325.18632 11.37923 158 4342.87532 16.08036 601 4322.99331 40.82805 184 4816.55001 23.63730 1049 4348.40583 6.82841 1553 
CyberShake 50 1.0 4338.27438 18.16972 198 4324.70131 9.43707 130 4358.57688 4.23804 152 4323.18162 31.18224 138 4346.23196 40.79446 1810 6109.57977 2.93307 638 
CyberShake 50 1.0 4340.50960 21.74198 236 4324.43745 9.81883 136 4362.00390 10.53428 400 4321.42005 38.87094 177 4453.59796 28.23508 1222 7177.40094 4.99092 1198 
CyberShake 50 1.0 4333.69114 19.69684 209 4324.54393 12.39192 173 4363.93422 3.90769 141 4324.21467 32.74556 150 5083.48429 19.21640 842 5307.36875 7.89118 1671 
CyberShake 50 1.0 4339.00573 24.13884 264 4325.14637 10.94819 152 4361.98477 7.37676 268 4323.40681 52.66694 234 4538.73398 32.70486 1425 6576.54913 7.42175 1523 
CyberShake 50 1.0 4333.11964 22.74669 244 4324.37570 13.89274 193 4353.49788 7.36961 269 4324.27631 40.36249 182 4752.90012 21.25334 954 7374.24044 4.28066 923 
CyberShake 50 1.0 4337.58057 23.80498 260 4325.12032 13.39349 187 4352.99652 13.03577 480 4322.40664 41.96117 189 4940.95696 16.45988 728 7457.01042 3.48251 686 
CyberShake 100 0.4 9112.30471 66.55968 399 9272.63180 9.82216 32 8995.38914 54.19452 448 9001.00473 28.54736 46 9057.22111 22.39588 471 10302.09778 10.88500 895 
CyberShake 100 0.4 9100.93354 33.56276 202 9280.76874 6.99241 22 9031.61251 45.65942 374 8989.19784 74.84212 123 9043.53798 33.12920 722 10364.22364 9.88765 792 
CyberShake 100 0.4 9092.31919 38.12693 227 9259.21308 22.38406 74 9010.07696 32.33241 264 8996.30779 95.40983 160 9065.73368 29.65573 628 9890.61521 10.20728 830 
CyberShake 100 0.4 9109.81315 44.96323 268 9280.13792 6.96542 22 9046.27306 50.68457 417 9020.80653 17.98907 28 9113.13254 25.98695 541 10291.89422 16.68777 1394 
CyberShake 100 0.4 9097.59491 27.36167 164 9287.59790 8.12577 26 8998.12445 66.51035 547 8989.23463 54.14237 88 9041.11813 28.11704 600 9459.70624 9.17686 739 
CyberShake 100 0.4 9055.39563 60.63222 365 9251.87898 37.54762 125 9048.90607 30.42046 244 9032.70357 7.86218 12 9100.73509 24.85088 535 9252.61675 8.54344 693 
CyberShake 100 0.4 9089.09981 61.93020 367 9260.12590 25.46107 84 9051.97025 43.84769 348 9000.67779 16.65588 26 9059.56009 36.79153 801 10268.67898 14.45982 1195 
CyberShake 100 0.4 9067.95715 97.08101 586 9263.23481 17.36671 57 9065.10750 29.53556 238 8993.23224 64.45544 107 9101.42555 38.38382 827 9420.59233 18.91940 1573 
CyberShake 100 0.4 9088.65268 66.28265 395 9278.25868 4.49588 14 9046.86987 49.80504 412 9009.58786 24.43291 39 9060.88419 49.37777 1056 10193.50468 10.49131 859 
CyberShake 100 0.4 9098.87126 31.56371 191 9266.06278 20.86516 69 8985.24871 65.27717 537 9007.11413 21.16227 34 9143.23226 26.30273 558 9516.62779 8.41092 680 
CyberShake 100 0.7 7537.99731 87.12144 538 7640.40972 14.69916 45 7493.27186 69.00896 588 7377.91759 152.84706 168 7483.09241 62.70328 1392 8894.77545 15.86255 1282 
CyberShake 100 0.7 7528.42185 76.17893 456 7632.63241 16.03250 49 7622.49506 13.66377 110 7406.77490 28.51058 30 7542.27989 45.08314 978 9947.88624 17.51476 1454 
CyberShake 100 0.7 7553.53638 53.95876 334 7647.14194 11.15649 34 7516.65283 33.15376 274 7371.21127 280.74528 317 7515.23084 80.82844 1753 10202.66670 8.24055 665 
CyberShake 100 0.7 7506.08561 119.79371 732 7622.23735 19.51986 60 7465.40022 65.83745 541 7374.47097 158.67488 177 7597.74320 62.79937 1341 9326.06102 23.44471 1936 
CyberShake 100 0.7 7552.23233 53.31160 318 7642.27284 18.21514 56 7526.95759 48.61921 417 7385.70489 175.01391 193 7511.45969 81.42957 1778 9155.52369 19.85621 1676 
CyberShake 100 0.7 7544.81980 65.05478 397 7607.50494 40.19678 125 7507.19716 82.86532 695 7382.35611 108.21366 118 7529.41429 40.82515 861 9198.71202 34.22652 2779 
CyberShake 100 0.7 7523.01738 100.61911 609 7627.51636 20.99895 65 7492.20428 81.82446 687 7403.49625 53.60058 57 7516.05509 50.87329 1086 9061.87065 29.79439 2514 
CyberShake 100 0.7 7513.38683 72.07178 448 7625.97599 38.48092 120 7483.49732 53.42753 457 7381.91910 71.06953 77 7471.70813 58.41598 1276 8194.88332 10.79775 888 
CyberShake 100 0.7 7533.59566 78.01340 472 7622.69264 46.41393 144 7538.70204 81.20936 667 7380.78034 165.18848 184 7568.64391 86.29224 1884 9751.60531 13.93947 1125 
CyberShake 100 0.7 7521.82850 99.76189 609 7620.84862 28.76855 89 7513.42367 55.05063 466 7399.41030 47.14332 50 7566.36826 87.87014 1923 9854.37959 21.80524 1785 
CyberShake 100 1.0 7028.87929 96.69893 618 7076.11222 74.55899 224 7068.77728 77.87751 703 6989.26048 362.55344 311 7701.79954 95.65322 2102 9807.85307 44.31504 3857 
CyberShake 100 1.0 7033.49845 49.68449 319 7047.71684 160.54516 486 7033.82403 80.64794 736 6992.16449 170.93827 147 7358.10895 95.29839 2126 9537.06793 41.21776 3654 
CyberShake 100 1.0 7035.07292 98.44459 626 7071.67265 54.15803 163 7005.69477 54.81724 503 6991.96928 197.46539 169 7453.53290 65.91208 1463 9907.39010 35.29541 2981 
CyberShake 100 1.0 7032.07752 77.22506 496 7085.11284 23.66168 71 7079.69148 37.31044 331 6993.55945 140.16977 118 7559.79879 46.70102 1036 9132.02956 34.22778 3002 
CyberShake 100 1.0 7031.96751 57.22822 368 7086.62285 81.05976 246 7023.30496 90.94637 845 6992.95836 145.90909 125 7567.41483 77.24309 1738 8442.92726 73.31664 6860 
CyberShake 100 1.0 7034.57827 60.63859 384 7073.39525 57.25410 174 7005.25764 44.04464 397 6991.56096 200.97301 173 7747.88267 45.05719 961 9762.59424 62.87441 5541 
CyberShake 100 1.0 7035.86964 57.36029 365 7070.54549 56.48470 174 7045.85763 25.94772 224 6990.51752 298.18131 255 7679.13286 61.11611 1282 9940.95191 22.26526 1837 
CyberShake 100 1.0 7033.01519 75.88700 482 7074.00779 59.02661 179 7034.48408 40.11117 357 6989.02311 321.14080 276 7475.93990 157.66718 3455 7917.35556 42.75262 3810 
CyberShake 100 1.0 7031.69099 69.53144 449 7065.95861 115.47197 352 7021.96817 64.60327 582 6994.34893 100.96623 86 7733.00041 68.35393 1490 9376.60752 46.99709 4059 
CyberShake 100 1.0 7033.26862 49.72131 321 7072.83075 60.88245 183 7030.37454 24.61314 212 6990.87639 160.98316 136 7654.16660 131.67589 2853 7719.80161 52.41942 4824 
Epigenomics 24 0.4 57617.81009 2.29656 34 62709.67530 0.48650 29 57527.44714 0.93359 130 57203.87280 0.75170 25 62469.91304 1.56470 102 58080.07500 0.32664 142 
Epigenomics 24 0.4 57174.52925 2.86221 43 62709.67530 0.32397 19 57525.47611 0.86510 118 57203.30719 0.97530 33 62535.34107 0.88622 62 64354.26213 0.77470 356 
Epigenomics 24 0.4 57237.26591 2.37047 35 62709.67530 0.35513 21 59744.32078 0.89957 125 57196.17734 1.02377 35 62578.18132 0.98134 62 57535.03818 0.28930 123 
Epigenomics 24 0.4 57618.19295 3.17410 47 62709.67530 0.35599 21 57134.39582 0.99594 136 57198.53502 0.86204 29 62107.66983 1.76069 110 57651.85633 0.42515 193 
Epigenomics 24 0.4 57548.26470 2.67068 40 62709.67530 0.45724 27 61540.08902 1.37192 192 57198.53502 1.03161 33 62126.81814 1.30567 86 58084.88395 0.45561 205 
Epigenomics 24 0.4 57548.26470 3.68608 56 62709.67530 0.62601 38 57530.50276 1.07274 133 57198.53502 1.05684 36 62916.00383 1.02814 71 57982.58571 0.33523 143 
Epigenomics 24 0.4 57172.37799 3.62584 53 62709.67530 0.35752 20 57525.47611 0.99126 137 57196.17734 1.38533 47 62008.55029 1.76680 118 58014.12942 0.46198 206 
Epigenomics 24 0.4 57549.96545 4.40648 65 62709.67530 0.37692 22 57530.50276 0.88380 106 57198.53502 1.39771 47 62469.91304 1.21333 84 57688.86711 0.46933 212 
Epigenomics 24 0.4 57558.72369 2.74305 41 62709.67530 0.43348 21 57524.58921 1.06021 143 57198.53502 0.77992 26 62041.13554 1.55515 109 57438.05766 0.31499 131 
Epigenomics 24 0.4 57164.80309 5.87456 89 62709.67530 0.49323 29 59744.37131 1.35928 173 57196.17734 0.97696 33 61973.09623 1.96885 137 58780.00873 0.35717 152 
Epigenomics 24 0.7 57826.15608 6.77624 101 57441.84502 1.56491 90 57568.10384 2.02618 256 57384.56404 7.15616 185 59475.79512 2.66984 178 59779.48720 0.54262 246 
Epigenomics 24 0.7 57582.42513 7.68118 114 57987.38507 0.81538 49 59647.37732 1.65663 230 57466.54289 1.36668 32 60009.20765 2.91403 202 59769.29262 0.64645 300 
Epigenomics 24 0.7 57571.70206 9.84588 148 57481.76763 1.11428 67 59644.95669 1.65689 234 57384.56404 3.45180 91 57570.08369 1.98540 130 59908.87741 0.71965 340 
Epigenomics 24 0.7 59881.17864 8.20841 123 57514.35067 0.58870 35 59622.41421 1.84743 261 57384.56404 6.94590 183 57649.16848 1.94138 136 57574.16518 0.87033 415 
Epigenomics 24 0.7 57328.46895 15.07519 225 57481.76763 1.14563 63 57384.60030 1.82529 261 57462.31842 1.25887 32 57387.44362 2.82539 194 58879.85072 0.97286 458 
Epigenomics 24 0.7 57579.87760 5.12533 76 57973.30769 0.91676 47 57556.41463 1.56556 221 57468.16600 3.80330 95 57568.15519 3.26137 219 59562.91399 0.86089 420 
Epigenomics 24 0.7 59469.40587 5.84108 87 57973.30769 0.85470 51 59890.80297 1.68009 212 57384.56404 2.85316 74 59474.11884 2.09824 138 58154.01635 0.91516 433 
Epigenomics 24 0.7 57573.48994 6.72395 101 57468.10510 1.01128 61 57592.40416 1.79736 256 57384.56404 5.56321 140 59656.33125 1.93028 133 64790.60398 0.52297 232 
Epigenomics 24 0.7 59477.15132 6.11095 91 57987.38507 0.83917 51 57404.69108 3.20965 442 57453.60981 1.60306 38 57563.53266 2.54536 178 57412.77434 0.91585 432 
Epigenomics 24 0.7 57573.48956 4.10499 60 57467.37081 1.55561 88 57391.61555 4.07551 564 57384.56404 3.69259 99 57572.70327 2.74796 186 57862.98995 0.91826 442 
Epigenomics 24 1.0 57029.56643 6.50151 96 56784.33923 2.35862 139 56886.84929 2.81027 385 56759.57455 9.96213 215 56928.63289 5.00872 353 56810.52925 1.19118 611 
Epigenomics 24 1.0 56809.85082 18.21346 273 56787.13520 1.71993 101 56801.79333 3.38740 477 56759.57455 6.84487 148 56904.53940 6.10099 415 57536.16676 0.78865 380 
Epigenomics 24 1.0 56908.37293 26.81199 401 56784.33923 3.43044 196 56802.23184 1.92852 260 56763.60293 10.88005 239 57412.12687 3.12349 210 57651.30245 1.78020 870 
Epigenomics 24 1.0 56954.36385 5.09376 77 56817.70230 2.06655 123 56853.46498 2.23871 305 56791.04574 6.51140 141 57678.35017 5.38691 371 56680.35324 0.88080 435 
Epigenomics 24 1.0 56762.82707 19.32646 290 56784.33923 2.85033 160 57064.60106 2.76665 388 56759.57455 8.64979 186 57293.27001 2.26705 151 57491.38935 0.62354 291 
Epigenomics 24 1.0 56992.92291 7.41234 112 56784.33923 1.76086 100 57060.28077 3.12554 427 56663.26824 11.45682 251 56873.10187 5.72200 386 57617.87748 1.11276 553 
Epigenomics 24 1.0 56886.63162 12.93113 175 56787.13520 2.01776 113 57807.68772 2.17568 308 56663.26824 6.94605 148 57234.95636 2.98787 204 56944.13516 1.09382 531 
Epigenomics 24 1.0 56917.09756 10.35480 159 56827.53652 1.00105 53 56889.69506 3.21195 440 56775.75129 4.87502 103 57380.02694 3.54728 240 62644.10455 0.77825 386 
Epigenomics 24 1.0 57983.15173 8.32157 123 56784.33923 3.03206 180 56815.92005 5.05959 701 56791.04574 12.69370 275 56877.73711 1.89473 131 57051.52738 0.77277 369 
Epigenomics 24 1.0 56816.28223 14.79797 225 56787.68370 2.18412 129 57059.50103 2.81228 385 56759.57455 10.81280 233 57004.60952 3.86318 268 58139.14938 0.90367 449 
Epigenomics 47 0.4 139138.92776 6.95594 74 140005.32509 4.40863 77 136515.69018 10.43215 418 136451.46198 6.90845 66 146577.06981 4.15257 182 138358.04636 2.13101 469 
Epigenomics 47 0.4 142085.70435 13.73061 143 140049.48785 4.08562 71 138552.21112 4.11904 161 137541.52810 3.29419 30 146347.15084 6.19970 281 137992.12462 1.51655 335 
Epigenomics 47 0.4 139540.68673 10.94769 116 140090.41374 3.83379 67 138376.29189 7.12122 280 136844.42287 6.12559 57 146329.70412 3.96050 177 138515.19964 1.88712 415 
Epigenomics 47 0.4 139235.14973 33.45240 360 140025.10369 2.93335 48 143059.15350 2.70206 103 137426.42199 4.81264 46 146481.64185 4.60191 207 137916.01414 1.19732 253 
Epigenomics 47 0.4 138627.45194 16.27602 177 140000.86135 3.56514 62 137035.21074 7.06980 284 137125.05642 4.77448 45 146525.34413 4.00738 183 137962.20394 3.57204 796 
Epigenomics 47 0.4 139366.38218 17.22821 189 140049.16115 2.55898 42 139747.11540 3.09732 126 137109.29588 5.44406 52 146363.62738 6.86744 313 143535.07298 2.68410 591 
Epigenomics 47 0.4 139121.58279 10.08487 107 140023.79287 4.09440 71 140979.21393 1.68109 68 137128.17182 1.81960 16 146590.40731 5.83078 270 153166.04092 2.56200 567 
Epigenomics 47 0.4 139475.03106 13.42811 145 140084.76326 3.18758 55 139401.62991 7.19400 275 137406.44375 6.85286 65 146879.35656 2.73014 119 140050.77797 1.34080 288 
Epigenomics 47 0.4 138201.47439 14.78935 161 140063.38220 3.84625 66 137034.54117 5.80846 234 136428.29434 5.30152 49 146723.85138 3.46153 162 149687.54071 0.58658 121 
Epigenomics 47 0.4 138622.01507 21.41797 231 140067.58903 1.79782 31 138879.05453 2.67387 104 137179.54586 2.95835 27 146325.51093 4.42732 202 139201.24853 0.67234 143 
Epigenomics 47 0.7 126708.71629 34.05159 379 130885.89351 1.58869 25 128399.65787 12.39939 520 126614.96333 7.79099 48 127426.34662 15.08949 708 130129.96967 3.55201 820 
Epigenomics 47 0.7 129874.18787 37.44040 414 130264.62523 13.45812 236 128196.70393 14.63462 618 126538.03929 31.43466 200 129404.86609 9.75278 453 128676.05390 4.05206 920 
Epigenomics 47 0.7 128446.42046 14.28179 161 130197.34972 12.81428 228 126496.24310 18.77978 785 126435.65118 24.37468 147 128150.42732 9.98959 468 132413.51312 3.69112 813 
Epigenomics 47 0.7 128842.50470 20.28217 224 130275.82331 6.27609 110 128536.56305 11.47126 465 126581.12547 26.97558 171 127423.80614 15.00217 709 127424.57169 2.71076 603 
Epigenomics 47 0.7 130160.22357 13.98516 155 130256.39059 8.32082 146 132281.52244 7.95445 316 126525.36222 6.48541 39 129581.67814 11.44542 523 127373.16245 2.83988 637 
Epigenomics 47 0.7 128584.97193 41.39966 454 130248.44606 6.51779 117 126536.74504 13.48900 552 126511.44709 16.00471 100 126638.59410 9.43836 450 130885.99697 5.02515 1157 
Epigenomics 47 0.7 128433.06270 26.15637 294 130200.04104 14.15400 252 127356.83824 13.93362 587 126448.02213 33.50275 212 128846.72965 12.28920 571 131754.99787 4.14956 929 
Epigenomics 47 0.7 128101.73829 30.57343 337 130288.61826 1.39461 24 131600.74760 5.19666 208 126590.09251 39.78229 253 130007.37568 10.50070 494 133057.13568 4.23102 954 
Epigenomics 47 0.7 127452.19441 22.96218 260 130206.44412 12.75877 231 128844.00300 15.47455 645 126438.31083 18.94496 121 131710.77804 4.65799 218 131731.34175 3.77841 854 
Epigenomics 47 0.7 130383.30851 20.87292 231 130428.42946 1.55874 27 129383.02033 17.98064 757 126439.02916 34.67490 221 128258.93162 12.08109 568 127946.72362 4.45424 1003 
Epigenomics 47 1.0 128097.90256 87.96827 998 129889.82222 14.01741 239 127714.07710 16.51586 705 126425.87176 56.09054 273 129787.99634 29.56180 1375 128906.19474 5.79859 1313 
Epigenomics 47 1.0 132973.13961 30.82249 349 129941.03689 11.78267 206 127789.24331 15.09822 634 126379.85853 77.12240 370 128178.22405 11.86488 556 131819.40147 2.39173 520 
Epigenomics 47 1.0 129605.64884 54.17859 614 129927.68960 7.48415 132 128844.58288 14.60791 623 126366.44679 35.92668 175 127140.50818 23.58183 1121 129121.52628 3.58504 793 
Epigenomics 47 1.0 129153.86906 39.95379 450 129897.43767 19.83276 343 128875.10981 21.83112 914 126382.16635 49.43662 242 129503.11490 22.36548 1059 129104.85693 7.72694 1714 
Epigenomics 47 1.0 128512.83445 34.38479 379 130911.20241 3.67242 63 128433.64957 30.05529 1267 126381.13429 52.02552 253 130967.10891 18.08599 826 129445.02309 3.06724 702 
Epigenomics 47 1.0 127922.73032 37.59879 418 129903.05302 11.55939 200 128462.81158 12.72353 519 126465.62939 13.36845 65 127142.10236 19.53663 891 128439.17517 17.50949 4098 
Epigenomics 47 1.0 128395.26360 18.61899 211 129875.58478 11.05900 195 130805.91460 14.39396 618 126407.62977 39.12021 187 131786.71650 19.74346 909 131637.48742 10.23555 2459 
Epigenomics 47 1.0 127759.78527 89.75546 1022 129901.47542 19.81116 336 128450.46365 17.45495 723 126359.92491 58.51018 278 127725.43010 13.77375 650 130018.45781 3.47648 760 
Epigenomics 47 1.0 128240.00260 21.95553 251 130012.78898 11.95143 205 127585.10669 8.31223 342 126435.78484 32.64519 159 128631.84569 27.98547 1301 129515.58627 5.27090 1289 
Epigenomics 47 1.0 131074.16600 43.33391 476 129939.40535 9.60145 169 132119.46854 18.13753 752 126387.83099 60.67810 298 127117.11837 10.66860 496 128994.93448 3.96300 879 
Epigenomics 100 0.4 1296220.56996 54.12557 332 1356207.04482 5.21102 17 1302001.06739 19.31424 162 1283202.02523 26.79591 38 1290753.97089 38.47733 854 1295101.78300 6.18001 517 
Epigenomics 100 0.4 1305902.06870 47.20943 291 1345160.38318 20.60297 71 1294203.78599 38.69420 328 1286976.20275 56.59386 82 1284925.07921 34.23535 740 1312864.59614 2.37279 195 
Epigenomics 100 0.4 1296922.76616 59.51486 357 1347768.40105 16.07982 55 1283293.99397 33.98048 287 1292459.83610 10.30032 14 1279986.33823 61.79287 1334 1304489.71907 9.91892 842 
Epigenomics 100 0.4 1296914.65234 52.21055 314 1346970.66739 8.42579 28 1285954.99067 27.70244 233 1284179.06715 32.60126 47 1296384.85952 23.60304 532 1324982.17989 4.12705 344 
Epigenomics 100 0.4 1297283.42823 81.64585 495 1338558.48099 25.98870 89 1308772.90520 7.32294 61 1287855.29160 11.50935 16 1278906.27787 48.39705 1044 1307974.07303 11.22442 956 
Epigenomics 100 0.4 1303535.39419 68.95966 434 1360432.52871 4.67017 15 1286948.79428 65.41373 551 1286966.22492 13.84043 19 1284384.05378 23.32980 508 1296479.72203 9.43790 784 
Epigenomics 100 0.4 1297997.40219 104.92361 627 1362124.27999 4.04557 13 1314769.30466 9.43362 76 1285802.96637 28.50849 41 1278973.48337 39.14555 825 1314795.24000 3.89011 331 
Epigenomics 100 0.4 1290689.01122 91.28693 562 1347957.92874 52.38916 183 1288783.03350 19.26374 159 1291298.47090 10.96902 15 1283006.68961 41.00537 879 1301065.84437 13.96084 1199 
Epigenomics 100 0.4 1294328.16959 56.47120 347 1352624.93765 26.53303 92 1288881.14367 23.15658 193 1291478.22843 12.55428 17 1282221.62676 74.10230 1651 1302725.84194 7.58393 622 
Epigenomics 100 0.4 1290358.31207 58.07059 354 1355474.19088 12.39875 42 1308429.07447 9.64355 79 1287704.13034 19.12563 27 1312914.31830 27.52250 589 1290468.45852 4.64743 387 
Epigenomics 100 0.7 1240513.68459 131.01612 822 1320233.29321 10.23554 34 1226696.58211 109.13139 930 1218611.46505 73.23919 71 1220214.97001 40.43056 904 1226648.31357 6.67686 557 
Epigenomics 100 0.7 1234280.28791 69.97203 431 1308242.13899 79.51273 273 1225614.75440 91.67073 774 1220255.62033 29.92539 28 1231030.16696 39.92371 885 1237797.88413 8.68181 726 
Epigenomics 100 0.7 1239521.85321 145.04632 901 1315678.29298 12.47285 42 1225143.32483 100.74772 872 1217453.84294 87.32611 85 1224021.54229 28.89328 628 1231243.24154 18.35785 1536 
Epigenomics 100 0.7 1237791.23437 103.05605 651 1315037.48802 14.59495 49 1237974.91647 58.40258 499 1217986.00586 63.99149 61 1228673.67552 62.34773 1370 1236959.87495 15.61154 1336 
Epigenomics 100 0.7 1239686.35351 211.32481 1299 1314463.42758 19.89701 67 1226645.65144 32.27090 269 1219096.53139 65.62372 63 1228402.43071 85.82368 1917 1226401.05377 6.58062 540 
Epigenomics 100 0.7 1252959.61953 82.98114 508 1316385.31815 10.78449 36 1226385.96336 123.13157 1046 1220786.64893 33.06399 31 1227648.04337 120.94243 2740 1219531.70083 7.47379 624 
Epigenomics 100 0.7 1236909.24081 179.96494 1121 1301641.07082 29.37248 100 1239234.88053 16.53201 137 1220654.19423 23.59070 22 1224251.07678 91.92892 2022 1238726.65255 19.45250 1687 
Epigenomics 100 0.7 1238338.13180 156.65858 967 1307698.26999 13.11161 44 1235030.62937 11.47684 94 1217733.05632 28.69328 27 1227294.54627 125.74701 2730 1229880.40023 8.02250 675 
Epigenomics 100 0.7 1229668.21053 165.58564 1039 1321012.52165 10.62420 35 1250844.69878 37.74656 317 1220605.93965 24.82638 23 1219113.90873 124.15855 2735 1229766.32860 25.70818 2241 
Epigenomics 100 0.7 1249344.59910 131.05498 817 1313457.40247 17.16295 58 1229093.06691 65.10393 564 1217766.42621 34.10550 32 1223853.16762 55.98112 1211 1232951.71031 7.85683 650 
Epigenomics 100 1.0 1236122.81652 77.56216 484 1326520.54768 10.67489 34 1256973.31676 24.74631 206 1218341.48636 45.34704 31 1219483.48847 155.48319 3486 1235142.02898 25.38788 2145 
Epigenomics 100 1.0 1232519.82912 189.16175 1181 1316867.46275 84.25903 279 1234420.78143 34.55034 295 1216964.16407 95.97888 67 1220987.64017 87.34521 1975 1229871.35078 19.35646 1659 
Epigenomics 100 1.0 1225821.90249 312.26676 1973 1314783.80695 62.48977 206 1228099.69199 178.37368 1581 1218073.94965 84.96781 59 1227682.88087 69.99362 1588 1228127.67489 19.45964 1610 
Epigenomics 100 1.0 1232153.77162 116.72791 759 1319314.05545 19.73528 64 1244380.66962 56.05678 469 1217052.83099 117.94722 83 1225433.28391 112.50237 2459 1236725.67941 19.85536 1726 
Epigenomics 100 1.0 1232218.80961 224.66044 1430 1316560.56188 31.31112 102 1224358.41000 16.51656 135 1216655.52387 221.43365 162 1225312.46378 104.81230 2279 1231423.30399 12.93657 1089 
Epigenomics 100 1.0 1231905.53681 136.63461 876 1320253.03947 30.88370 101 1224392.21294 134.59008 1171 1216849.73337 313.82512 218 1232573.90702 67.67735 1471 1235517.24877 23.36332 1976 
Epigenomics 100 1.0 1238927.77951 225.00402 1408 1320050.53697 14.06696 45 1226164.08919 49.09984 421 1217380.73917 98.41526 68 1226496.99701 106.60829 2414 1234314.45500 20.72685 1780 
Epigenomics 100 1.0 1234941.06559 104.97425 657 1315473.87526 80.03655 264 1228543.50591 32.26939 272 1216649.32869 191.86092 134 1235153.74830 29.28178 633 1237992.32615 13.38644 1120 
Epigenomics 100 1.0 1249141.83525 73.23808 449 1317607.01030 32.22452 105 1232368.12089 82.56044 739 1218235.76540 46.89664 32 1223451.19389 173.10967 3870 1229371.53321 18.83650 1630 
Epigenomics 100 1.0 1225954.86442 309.66855 1969 1321153.40107 27.50995 90 1225249.67122 15.11391 124 1217648.13134 56.56146 39 1219488.56748 63.31483 1439 1240958.10536 54.15230 4660 
Ligo 30 0.4 22169.11246 2.66864 37 23230.30297 1.52786 64 22333.82394 1.88642 172 22076.67245 4.80840 103 22342.06897 2.00485 128 23647.98851 0.52904 200 
Ligo 30 0.4 22080.30696 4.27106 58 23230.21901 1.39323 60 22371.33925 1.95141 181 22190.51007 0.84447 17 22317.08087 2.43253 152 23377.50558 0.29140 102 
Ligo 30 0.4 22008.81966 2.65229 35 23228.56660 1.51787 64 22267.37511 2.39801 223 22003.86591 5.83254 123 22386.26896 1.71078 111 22724.94272 0.92914 363 
Ligo 30 0.4 22191.85218 2.76828 39 23228.56660 2.06180 83 22046.72656 3.33222 326 22007.96089 4.10524 84 22491.83619 2.70467 164 22881.55009 0.71221 272 
Ligo 30 0.4 22085.80540 5.98437 86 23231.45093 1.14754 44 22043.75168 2.37615 239 22097.76916 3.92656 82 22839.54194 1.05249 68 22308.29944 0.33488 121 
Ligo 30 0.4 22247.64027 4.60945 64 23228.56660 2.00499 81 22231.49841 2.06172 205 22094.68351 3.98657 83 22491.38668 1.60059 101 22837.73061 0.30093 102 
Ligo 30 0.4 22199.59610 3.96287 56 23228.56660 1.64151 69 22230.31657 1.93405 181 22071.65563 3.98179 86 22338.55762 1.41206 91 25133.74821 0.29472 102 
Ligo 30 0.4 22180.09218 2.88188 39 23235.64778 1.61610 65 22356.87952 2.43110 243 22128.67835 1.38183 29 22244.77941 1.67029 101 22554.43287 0.81408 317 
Ligo 30 0.4 22177.39005 7.69568 107 23239.15556 0.59942 25 22040.52230 3.13713 303 22068.52358 2.74305 53 22235.19005 1.53860 101 22895.69179 0.37722 139 
Ligo 30 0.4 22164.74381 2.97573 38 23228.56660 2.52952 104 22113.44030 3.43743 324 22003.94784 3.81074 80 22262.69489 1.71886 101 23937.28862 0.28996 102 
Ligo 30 0.7 20509.11128 10.77348 148 20668.01099 3.17271 127 20296.31736 5.74438 549 20227.24904 6.22039 87 20473.01756 1.63054 103 22008.69488 0.88767 362 
Ligo 30 0.7 20579.65491 4.59399 64 20676.88523 3.23949 124 20571.10908 4.47569 431 20206.77041 13.42960 187 20581.42820 2.72177 177 20819.40133 1.25191 494 
Ligo 30 0.7 20365.84309 8.75403 115 20654.78459 2.05621 77 20504.05726 5.36620 524 20311.13472 2.73596 37 20335.55710 2.53252 167 22065.58717 0.67913 264 
Ligo 30 0.7 20315.30612 5.60214 78 20628.07013 4.68189 183 20797.23918 3.82028 363 20220.10832 15.17301 212 20333.32886 1.52347 96 20800.06123 0.97794 377 
Ligo 30 0.7 20399.80821 8.75977 121 20665.08603 4.33138 169 20824.70527 2.95599 280 20203.76842 8.87517 121 20319.25561 2.77174 174 23040.13765 1.17328 467 
Ligo 30 0.7 20514.55658 9.92898 141 20628.03713 3.55705 137 20348.85364 2.52156 257 20218.92381 11.55353 164 20312.26440 2.59701 168 21049.37222 1.80845 750 
Ligo 30 0.7 20597.91160 3.66927 51 20640.75171 2.68538 103 20319.15377 2.78474 265 20204.96926 9.51728 134 20344.25977 2.11126 135 20720.20850 1.24415 507 
Ligo 30 0.7 20522.87104 10.27661 144 20627.32635 2.43888 95 20206.47925 3.77459 369 20229.14053 8.82521 127 20356.79402 2.17092 134 20630.16611 1.85468 753 
Ligo 30 0.7 20499.86362 4.76489 67 20627.29732 3.12067 120 20364.73912 3.38550 328 20238.05445 11.76522 169 20471.59585 3.47859 220 22103.71165 0.93638 370 
Ligo 30 0.7 20586.35724 6.75873 95 20664.19462 2.50555 95 20350.17444 3.99512 391 20229.26084 9.53674 130 20375.15761 2.24837 144 20678.49440 1.48966 599 
Ligo 30 1.0 20330.85917 10.38632 146 20512.83857 7.76278 294 20480.96771 2.56708 251 20103.65444 18.25535 166 20521.80695 3.67564 236 20737.01097 1.03237 408 
Ligo 30 1.0 20243.79560 14.02052 200 20677.78791 1.44899 52 20304.77846 3.18051 310 20114.18486 23.47755 240 20450.88187 4.54176 287 20789.94454 1.41822 580 
Ligo 30 1.0 20438.90242 12.50863 174 20507.89388 6.14221 226 20420.03449 3.90805 382 20150.01362 7.74676 81 20645.15550 2.55229 158 20498.17493 1.86583 770 
Ligo 30 1.0 20390.11291 11.82893 160 20672.15696 5.47715 196 20401.20009 4.87632 475 20100.02788 17.74655 186 20587.21727 4.89708 315 20259.69950 1.59261 649 
Ligo 30 1.0 20269.70089 5.64535 80 20513.48246 6.16095 231 20413.33170 3.91546 381 20103.51626 12.56094 133 20450.67349 3.22728 204 20664.27393 1.98668 807 
Ligo 30 1.0 20420.24619 23.74717 334 20514.18301 5.76210 220 20556.17483 4.29013 418 20103.52771 26.97116 283 20387.02868 3.13594 199 21971.17159 3.20020 1323 
Ligo 30 1.0 20320.15306 12.49569 176 20507.85205 5.46675 206 20255.09834 9.02604 883 20124.98284 25.87402 274 20493.77729 3.02350 190 20405.85844 4.03141 1638 
Ligo 30 1.0 20304.84605 8.36462 117 20511.05574 7.87376 297 20591.78629 6.13420 600 20101.08925 14.67580 153 20360.94346 3.04873 195 20426.84536 1.60828 661 
Ligo 30 1.0 20434.35645 9.25122 132 20550.59655 6.60402 250 20356.23104 6.21499 614 20107.10307 16.72490 176 20346.64299 3.90036 246 22113.20434 0.66213 247 
Ligo 30 1.0 20319.98968 11.21871 157 20513.18587 4.17811 157 20613.39586 5.30132 518 20133.86505 15.89978 165 20733.39188 1.80883 119 20425.24583 1.20637 474 
Ligo 50 0.4 38507.07977 10.08637 111 38802.50970 3.14963 52 37908.71161 8.07056 316 37344.72701 17.71972 119 38507.39230 4.12130 191 42687.01278 0.60464 128 
Ligo 50 0.4 38743.57260 8.74990 96 38901.75841 3.22232 52 37939.46324 8.15244 321 37439.39958 17.01397 115 38973.16317 4.44825 208 45270.57940 0.60326 128 
Ligo 50 0.4 38753.82054 8.08301 89 38704.65637 3.43051 56 37731.57542 7.91855 319 37490.11086 8.53454 57 38371.70643 4.78308 224 41883.75851 1.46558 328 
Ligo 50 0.4 38341.44611 18.85388 205 38613.00779 8.40313 141 38394.55389 3.57930 137 37700.84116 5.83688 38 38897.91869 4.41727 209 41110.12702 0.60829 128 
Ligo 50 0.4 38760.28649 4.13451 45 38644.19743 6.97935 115 38458.17646 3.52497 135 37477.37501 9.58239 65 38497.71355 6.74649 320 40963.91475 1.50970 341 
Ligo 50 0.4 38511.53976 7.56759 82 38529.84345 4.66735 78 38490.35383 5.73530 225 37518.39194 5.58216 37 38296.16635 3.33756 159 44235.47251 0.60647 128 
Ligo 50 0.4 39227.32533 9.15155 99 38624.05841 2.61154 43 37821.35980 10.53203 413 38000.84076 3.89416 25 39098.08579 4.72817 223 39564.52687 1.11122 245 
Ligo 50 0.4 38384.91840 7.97429 87 39018.82889 3.27748 53 37610.03252 10.80965 427 37820.22433 6.15785 41 39250.65007 8.56405 396 41057.79183 0.60705 128 
Ligo 50 0.4 38259.80367 9.88428 109 38786.77387 2.61809 42 38221.66042 2.32274 88 37978.32828 5.87613 39 38742.76501 4.43495 204 44630.99236 0.60357 128 
Ligo 50 0.4 38073.49615 8.91917 98 38703.49481 3.36417 55 38357.79849 7.30198 281 37775.23212 5.14922 34 38565.86629 3.63929 172 46351.41582 0.60162 128 
Ligo 50 0.7 35862.49355 20.12621 217 36659.65246 7.83686 121 35535.83159 17.80868 724 35505.12706 28.60419 110 35594.37662 7.65451 374 36484.17067 4.45817 1050 
Ligo 50 0.7 36048.82279 18.39862 198 36537.62224 4.99350 77 36084.72820 8.35282 340 35410.49485 20.94070 83 36214.06647 11.25212 551 41806.81583 1.03725 225 
Ligo 50 0.7 35953.06986 20.86575 228 36331.98720 15.54052 249 35998.01411 7.29504 295 35429.26793 10.69719 43 36568.00069 4.47460 217 35821.66896 3.54893 832 
Ligo 50 0.7 36183.83001 20.85723 229 36393.05840 14.53840 232 35836.06985 6.89626 281 35459.13990 10.20653 41 35738.29232 7.48975 360 36295.19618 4.25460 997 
Ligo 50 0.7 35978.28521 19.01026 208 36431.70316 8.63720 135 35580.18104 12.78304 519 35388.11417 15.80865 62 36191.39474 7.88640 380 36128.97260 3.17781 758 
Ligo 50 0.7 36596.40978 8.05797 89 36333.32339 13.94155 221 35961.61695 6.73076 270 35321.48736 56.07422 216 35629.14483 7.20549 351 37164.85038 5.20254 1200 
Ligo 50 0.7 36277.98270 17.80096 197 36370.43500 7.68625 122 36117.12168 12.47249 484 35559.85160 8.82570 35 35849.97664 6.52601 312 36046.78062 2.97348 690 
Ligo 50 0.7 35992.79864 27.45621 302 36489.12601 11.96172 189 35777.26130 11.77773 468 35521.78325 12.96044 52 35815.23574 11.78663 570 36094.90657 5.35966 1259 
Ligo 50 0.7 36012.91869 45.61330 495 36763.86422 4.21771 65 36185.20552 9.58854 380 35359.62803 38.25393 149 35507.30511 16.52435 809 36068.30984 3.50612 801 
Ligo 50 0.7 36480.02152 14.42194 156 36359.54775 17.54453 277 35949.26950 7.37252 304 35407.55092 17.33542 69 35704.99236 6.13902 288 37510.97745 1.12675 252 
Ligo 50 1.0 36140.48960 32.15953 355 36466.16941 33.16847 492 35705.29444 16.26611 664 35313.66067 28.51034 83 36672.05892 6.52302 318 36675.44948 6.10124 1423 
Ligo 50 1.0 35886.12133 34.17292 380 36547.34227 22.78670 337 35956.55061 15.97417 654 35296.46115 81.29298 238 36338.19832 13.40437 648 37134.86448 5.31369 1262 
Ligo 50 1.0 36013.94440 20.76746 231 36742.65219 3.41886 49 36135.74204 14.80664 610 35364.04698 27.93127 81 36176.82840 10.12432 487 36062.24114 4.38299 1019 
Ligo 50 1.0 35583.39902 24.43534 269 36600.45748 10.65968 158 35549.01947 8.97772 357 35308.26902 134.35289 385 36441.32521 12.61186 601 36136.07698 10.35728 2495 
Ligo 50 1.0 35878.99260 38.31534 416 36621.55389 5.89367 85 36108.43424 13.71632 562 35296.94545 91.57672 261 35800.46194 17.53452 842 36430.89743 3.52865 824 
Ligo 50 1.0 36064.96420 15.76735 172 36737.66512 5.79208 85 35452.51201 8.05621 322 35307.53180 57.64938 167 35787.48067 15.26984 725 36089.14789 2.53371 584 
Ligo 50 1.0 36209.08514 38.66723 429 36558.73798 8.70929 129 35822.38616 27.98254 1143 35289.59179 157.69251 458 35841.14580 19.94198 964 35634.69415 5.66366 1336 
Ligo 50 1.0 35673.35486 36.87622 409 36561.15779 14.85119 221 35540.89365 24.23084 976 35290.83239 96.39134 280 36173.81071 15.25802 720 36278.37873 8.18462 1935 
Ligo 50 1.0 36157.67931 36.63490 404 36728.76052 4.33203 63 35693.06775 10.82354 439 35325.30911 44.97472 128 35633.56482 10.35976 505 36559.82838 5.06884 1187 
Ligo 50 1.0 35930.27771 24.91132 274 36598.69847 26.13341 385 36080.40163 16.53997 673 35288.62979 158.43865 466 35993.75949 7.96716 381 36417.60530 7.50139 1778 
Ligo 100 0.4 64608.30632 55.74976 370 68003.14119 3.65404 14 64043.02120 11.94717 116 64083.47751 53.53124 70 64831.98816 21.60368 548 66695.07113 6.40780 585 
Ligo 100 0.4 65051.55049 15.45263 100 67872.16007 9.44747 38 65555.46162 5.46531 51 65057.15144 8.23344 10 64645.59307 32.31325 847 69236.75063 4.07931 377 
Ligo 100 0.4 64597.40562 29.72022 200 66682.10851 21.66908 88 63422.51623 44.55413 446 64179.39956 20.21367 26 64519.21455 25.69338 651 70029.63083 3.78719 347 
Ligo 100 0.4 64183.92966 51.30801 339 67968.81099 5.35980 21 64104.60302 14.94719 143 64468.52850 19.48718 25 65578.03034 13.96209 358 71838.23817 2.68409 241 
Ligo 100 0.4 64903.06391 48.43075 314 68041.38450 4.38786 17 65916.39325 7.29683 69 64229.80922 27.46293 36 64413.77418 27.58983 718 67664.38903 3.85285 353 
Ligo 100 0.4 65042.77033 24.05238 152 67971.79870 5.51250 22 64136.71367 24.25064 237 64076.39539 29.11202 38 64589.34999 26.07080 644 66484.33310 5.86498 549 
Ligo 100 0.4 64518.33506 54.94309 356 68479.32317 4.82339 19 63700.09733 49.95458 506 64172.57913 21.04850 27 64665.23236 20.06680 502 67053.95604 4.52466 420 
Ligo 100 0.4 64838.17411 43.27395 290 67809.70431 10.77098 43 64898.56368 13.42369 128 64577.47155 27.65546 36 64889.64992 21.15394 542 67149.23503 6.68469 620 
Ligo 100 0.4 64373.69127 21.53119 141 68579.92719 3.69311 14 63480.01623 37.72070 367 64480.75426 20.87142 27 64543.93947 41.01682 1037 71377.72466 4.72338 436 
Ligo 100 0.4 65524.62716 23.68277 154 68312.26390 5.09050 20 65205.01359 8.48075 81 64335.07604 33.74600 44 64511.39603 30.00595 771 67761.12873 6.10234 560 
Ligo 100 0.7 63891.95238 71.96216 483 67224.12904 16.62651 63 63736.66404 38.05592 385 63312.76253 25.68792 20 64457.89744 11.54267 295 65864.03619 13.18029 1226 
Ligo 100 0.7 64033.50607 87.74891 591 67620.89614 15.87419 60 63441.64791 74.90375 734 63308.11615 45.33194 36 64147.16147 29.08039 749 64497.01870 8.73502 817 
Ligo 100 0.7 63932.62855 60.79462 410 68022.99541 6.47224 24 63454.68472 40.83349 414 63437.98329 34.71896 27 64220.04146 38.17822 1012 67455.23561 5.89492 540 
Ligo 100 0.7 64239.87785 66.39572 438 67135.75829 19.07249 72 63865.90723 19.06129 185 63357.81731 24.60019 19 64022.79052 43.42561 1114 66020.77987 5.16349 474 
Ligo 100 0.7 63962.62301 103.75286 686 67234.98980 16.77990 63 63080.54306 46.44916 482 63463.90278 38.32617 30 64348.24574 15.99074 408 66687.54465 9.31010 877 
Ligo 100 0.7 64063.60314 63.20852 425 67681.63412 10.93472 41 63421.36378 38.91976 397 63383.43633 37.17228 29 64078.21335 28.20994 733 66506.95573 11.33146 1069 
Ligo 100 0.7 63719.14935 68.07999 457 66654.00048 44.09637 168 63180.23656 79.86683 835 63366.61495 58.32303 46 64361.03435 22.03074 574 69301.19605 5.60679 517 
Ligo 100 0.7 63581.27880 100.64650 676 67880.68655 7.00504 26 63315.67813 19.98878 203 63272.34151 40.86512 32 64335.69183 34.69204 894 65253.19522 18.52654 1736 
Ligo 100 0.7 64115.73860 61.56943 414 67552.13429 15.41684 58 63330.79742 62.72239 644 63394.47239 27.27481 21 63744.38744 37.92730 990 66329.47876 9.79324 908 
Ligo 100 0.7 63609.00298 83.37752 553 68509.54759 5.46946 20 63478.89022 37.14557 385 63445.15960 27.02983 21 63972.63075 47.85687 1204 66104.89039 5.08348 471 
Ligo 100 1.0 63996.87584 86.64697 580 67312.14899 30.11429 107 63716.13616 29.63273 294 63106.28953 105.06293 60 63847.38618 42.23156 1090 67126.75035 11.46610 1061 
Ligo 100 1.0 64700.89415 54.93456 366 66747.85852 68.46307 247 63863.52388 21.62928 215 63109.36938 64.06120 36 64176.75679 53.01142 1371 65858.15655 7.44195 707 
Ligo 100 1.0 64021.92624 63.58945 425 67421.96817 28.31860 101 63269.96898 59.13828 612 63094.54453 94.85201 54 65379.66408 18.67188 470 66073.67585 10.97267 1018 
Ligo 100 1.0 64013.64956 81.22265 547 67517.22779 31.23262 111 63148.34519 75.99638 775 63086.30108 73.32886 41 64728.36410 16.76242 430 65596.18413 9.62397 902 
Ligo 100 1.0 63548.86107 116.51301 787 66837.20864 100.41347 364 63276.90621 98.27703 1036 63129.44692 85.46716 48 64343.99588 81.73241 2109 65796.86855 22.85752 2141 
Ligo 100 1.0 63818.25052 65.26596 441 67093.07317 47.79940 172 63224.36642 71.21653 735 63113.36282 127.16836 72 64206.09020 23.35496 603 66075.30276 8.19498 775 
Ligo 100 1.0 63927.17332 146.81013 978 67479.34816 23.18406 83 63323.91195 70.68261 707 63148.53998 79.94244 45 63673.84617 89.17401 2363 67431.27675 12.79008 1189 
Ligo 100 1.0 63637.96026 126.75702 848 66859.62146 60.03355 217 63559.79341 66.37185 667 63132.27885 66.18226 37 64896.36105 37.75685 964 67076.39296 16.37906 1539 
Ligo 100 1.0 65282.99231 82.88695 558 66831.18383 31.04898 111 63052.85169 65.58275 681 63097.78388 184.07137 104 63570.45675 58.15674 1572 66720.47751 9.74769 899 
Ligo 100 1.0 64514.84231 101.62340 662 67872.74000 17.48490 58 63182.78622 51.69699 529 63148.97264 83.93055 47 63934.26310 70.43139 1825 67324.81394 19.86233 1861 
Montage 25 0.4 857.73296 1.82790 26 847.39656 0.31290 17 860.96791 0.87844 118 870.72710 0.51711 17 927.89862 1.12749 77 941.51165 0.39357 174 
Montage 25 0.4 874.74582 2.18182 32 847.39656 0.39966 17 864.19658 0.99632 134 876.01849 0.92182 31 865.39228 1.44067 99 912.71984 0.28144 117 
Montage 25 0.4 857.05957 1.78623 26 847.39656 0.65960 38 858.72978 1.22720 148 875.96301 0.91773 31 921.07596 1.12827 80 922.07642 0.59739 273 
Montage 25 0.4 864.28733 1.87191 26 847.39656 0.37413 21 860.26113 0.69736 92 870.72710 1.01884 31 892.21545 2.00434 141 953.58038 0.27944 121 
Montage 25 0.4 857.13179 2.02039 29 847.39656 0.43318 24 863.91132 0.55446 74 876.01849 0.67853 23 881.39177 1.90592 128 858.72978 0.61967 291 
Montage 25 0.4 857.41798 2.67543 40 847.39656 0.30619 17 863.91132 0.52367 69 875.96301 0.90124 28 892.21545 0.95915 66 1005.53983 0.36613 159 
Montage 25 0.4 856.96156 1.97660 30 847.39656 0.30575 17 840.69923 0.97180 131 871.90056 1.16247 39 894.52184 1.48525 97 941.12926 0.43812 196 
Montage 25 0.4 857.41798 2.06897 30 847.39656 0.36825 20 860.96791 0.72997 97 870.72710 1.10747 38 912.50669 0.78031 54 943.24318 0.25549 104 
Montage 25 0.4 856.69617 2.04071 30 847.39656 0.30679 17 858.72978 0.66363 88 870.72710 0.96262 30 935.33337 0.62382 41 904.57572 0.49298 231 
Montage 25 0.4 856.69617 1.93450 29 847.39656 0.52983 30 840.69923 0.80691 107 875.96301 1.08131 37 937.64329 1.31679 84 979.13363 0.25061 103 
Montage 25 0.7 756.03593 3.61688 52 763.53801 1.21136 64 750.13128 1.67938 218 748.52447 3.37971 79 794.38442 3.79732 261 873.77768 0.54036 253 
Montage 25 0.7 773.24777 3.15073 48 763.53801 1.27008 66 754.54342 0.90875 122 748.31719 4.30263 100 807.37145 2.48319 170 848.44875 1.41068 667 
Montage 25 0.7 753.70376 2.97739 44 763.53801 0.86159 44 749.18067 1.29809 176 748.31719 4.20964 98 772.60836 2.09777 144 821.83380 1.25842 602 
Montage 25 0.7 755.86933 3.50511 52 763.53801 0.98987 52 751.35954 1.22828 165 748.31719 2.53204 57 799.17408 2.38874 163 815.16749 1.11472 548 
Montage 25 0.7 756.16360 5.32931 80 763.53801 0.94190 49 750.53404 1.13147 138 748.31719 4.26306 99 776.26595 1.30891 93 861.32505 0.59305 282 
Montage 25 0.7 759.89888 4.81013 71 763.53801 0.74017 39 750.26492 1.71001 233 748.31719 3.78146 87 811.38743 2.33430 159 867.34661 0.82182 388 
Montage 25 0.7 752.19118 3.38511 50 763.53801 1.45106 77 749.18067 1.15704 157 748.52704 2.33029 53 784.48167 1.80343 127 851.01017 0.79474 383 
Montage 25 0.7 761.61674 3.39053 51 763.53801 0.84449 44 748.85129 1.42776 195 748.31719 4.68828 107 756.01765 2.75340 190 820.56934 0.58145 274 
Montage 25 0.7 763.98971 3.52814 52 763.53801 1.07766 57 753.73912 1.34154 183 748.31719 4.83309 111 822.54262 1.23896 79 815.71840 0.86123 414 
Montage 25 0.7 754.86801 3.58761 54 763.53801 1.40417 66 755.12324 1.04297 136 748.75159 3.69727 86 776.18309 2.23267 157 932.49237 0.40933 183 
Montage 25 1.0 746.03198 4.28131 63 748.66433 1.59499 79 743.24755 1.18191 145 742.03745 5.12545 94 740.30513 3.70099 246 796.23178 0.97036 471 
Montage 25 1.0 748.92760 3.95123 60 753.47637 2.08105 104 740.25438 1.89312 245 742.03745 4.09614 75 794.04727 1.98367 139 823.74921 0.83164 412 
Montage 25 1.0 754.42820 12.18488 184 746.94404 2.07580 99 745.40957 1.62583 219 742.03745 4.52777 83 762.15838 2.16522 147 999.97091 0.68576 333 
Montage 25 1.0 752.86015 5.15451 77 746.84150 2.40762 117 740.82340 1.52077 195 747.44702 7.29986 134 740.84057 1.96006 136 830.03916 0.77493 371 
Montage 25 1.0 749.77710 7.54430 114 746.84150 2.03571 102 741.25522 1.16555 137 742.03745 4.91332 90 784.52200 2.14859 150 878.24842 1.41707 691 
Montage 25 1.0 746.93968 4.95032 75 746.96463 2.82435 137 735.65881 2.50484 338 742.03745 3.94546 72 749.37013 4.61414 321 891.29290 0.64263 318 
Montage 25 1.0 749.97297 6.30658 94 748.59680 2.58113 130 743.65484 1.49022 186 742.03745 5.06621 94 768.78829 2.17270 155 764.59257 1.17947 615 
Montage 25 1.0 751.96792 7.48912 112 753.47637 1.70133 84 745.21160 1.36203 188 742.03745 3.68538 67 752.37911 5.22098 371 764.75226 0.95953 478 
Montage 25 1.0 750.10846 4.86235 72 753.47637 1.52860 76 743.65484 1.61461 217 742.03745 4.78386 88 756.58950 2.47135 168 834.72693 0.79524 388 
Montage 25 1.0 753.33008 4.70069 70 746.94404 2.47085 119 741.20642 1.82290 248 746.05778 3.95205 72 751.42575 5.40250 382 748.36424 0.90382 449 
Montage 50 0.4 1756.32310 4.80410 51 1764.59331 4.11356 64 1734.89578 6.71062 258 1718.76048 5.67086 38 1734.09409 8.61738 402 1838.24897 1.39217 317 
Montage 50 0.4 1728.00464 5.28953 59 1782.31487 1.99780 30 1730.32938 4.74660 186 1731.99797 2.23895 15 1773.70388 3.97926 184 1818.09091 1.56669 361 
Montage 50 0.4 1751.13612 4.31859 46 1770.98308 5.99006 95 1727.51772 7.62199 301 1719.41369 5.78126 39 1740.02919 6.97674 324 1795.50264 2.29420 532 
Montage 50 0.4 1758.93769 5.72258 62 1768.16822 2.17012 33 1737.77816 3.07617 122 1714.24611 12.39816 87 1740.46712 2.85874 131 1918.04867 1.59835 368 
Montage 50 0.4 1757.37225 4.53668 49 1775.99692 1.93503 29 1741.83078 4.93567 193 1721.87762 6.23797 42 1765.65419 5.63474 258 1824.70689 2.19826 507 
Montage 50 0.4 1743.54452 10.55589 115 1760.41004 4.77934 75 1731.08028 7.95073 310 1714.49833 9.51527 66 1756.22740 5.52679 255 1859.59532 1.51755 342 
Montage 50 0.4 1750.53441 4.85305 51 1767.30920 4.13148 65 1732.88371 4.11858 152 1714.05574 7.58939 52 1741.65252 2.94752 141 1818.43955 0.96799 218 
Montage 50 0.4 1747.05825 8.42484 91 1773.74279 2.30790 36 1743.13140 2.53212 93 1727.59899 2.42657 16 1734.00911 6.63103 307 1849.63585 1.35286 310 
Montage 50 0.4 1755.17741 4.61387 50 1775.46806 1.37879 21 1732.23579 6.33373 245 1722.38451 5.39615 37 1808.05523 4.49249 205 1795.02987 2.45346 558 
Montage 50 0.4 1751.18486 5.54251 62 1770.95249 4.14324 65 1713.28576 5.35745 211 1712.39499 13.10192 90 1754.30194 4.14790 188 1805.15752 2.59118 586 
Montage 50 0.7 1604.56195 11.92416 133 1640.78016 7.46481 112 1611.42039 6.30897 238 1582.68255 12.40324 52 1691.81579 2.77177 125 1717.46551 4.02084 938 
Montage 50 0.7 1617.11334 13.05954 143 1641.41927 5.29323 78 1587.10780 6.37734 250 1579.94500 25.76329 106 1665.63289 7.50856 342 1703.84392 3.59237 836 
Montage 50 0.7 1595.02917 20.41759 225 1640.24071 8.67535 131 1590.55930 8.01019 311 1588.91650 8.70913 36 1610.50847 10.46690 477 1732.02135 2.73556 620 
Montage 50 0.7 1625.25221 10.99834 120 1654.42928 6.84520 102 1588.24143 6.45424 254 1580.78997 36.90559 155 1615.59822 6.27527 294 1775.60940 3.51550 826 
Montage 50 0.7 1616.38112 11.82404 129 1632.05221 15.18046 220 1588.71464 8.95897 355 1579.98273 27.89176 117 1661.18167 4.05860 189 1771.05198 3.05346 685 
Montage 50 0.7 1605.08822 9.15052 99 1642.00665 5.25099 75 1582.91238 8.68623 351 1575.50206 63.09893 272 1668.34095 5.07043 240 1721.43361 2.99930 699 
Montage 50 0.7 1605.33122 12.08192 136 1645.71503 7.80168 114 1590.64200 6.00124 239 1579.18999 35.16120 145 1635.46414 4.85208 220 1694.42320 6.99988 1653 
Montage 50 0.7 1597.93407 8.14859 90 1645.57294 8.45717 122 1576.79663 6.88516 272 1581.87739 10.87897 45 1649.02628 5.74388 268 1716.33689 2.65196 612 
Montage 50 0.7 1611.41644 11.13144 123 1652.60136 4.81769 70 1600.89258 5.63552 219 1582.90684 12.53583 53 1615.23211 8.84333 416 1634.51203 4.94972 1170 
Montage 50 0.7 1591.76537 13.80470 156 1633.70994 8.27746 121 1591.08702 4.96531 199 1575.97392 37.43558 160 1627.61627 9.69734 449 1857.00286 4.08763 957 
Montage 50 1.0 1612.46119 10.37657 115 1647.05398 18.55768 265 1579.61116 7.49166 306 1571.98741 12.62757 40 1613.65216 10.18795 493 1740.53028 4.16702 1019 
Montage 50 1.0 1606.86973 13.97093 155 1642.85469 16.58599 237 1586.67875 13.49009 551 1570.72771 69.54904 222 1653.85013 15.46629 739 1736.25797 3.25062 759 
Montage 50 1.0 1603.54427 7.29990 83 1646.83205 20.55553 299 1601.69911 10.09176 393 1572.10393 29.37776 94 1668.56771 7.84967 377 1625.51873 7.90562 1858 
Montage 50 1.0 1597.19705 25.02679 278 1649.05248 15.35861 218 1594.70835 8.92609 364 1571.25265 87.27343 276 1620.22739 9.51929 447 1684.52289 3.44732 855 
Montage 50 1.0 1609.34665 9.19630 102 1649.01314 20.82786 297 1584.19144 7.11001 291 1570.66869 58.78806 188 1603.38951 7.20927 351 1780.68606 3.98161 969 
Montage 50 1.0 1617.30082 7.75465 86 1641.75288 12.69898 181 1591.00521 10.13535 407 1570.81617 57.70845 183 1688.86026 5.73056 266 1645.27726 4.25497 1041 
Montage 50 1.0 1601.91055 29.02557 326 1647.86681 7.30047 103 1587.54223 5.82015 236 1570.79264 62.06091 199 1639.13214 9.07830 435 1694.86450 3.44457 826 
Montage 50 1.0 1595.64531 9.55684 106 1643.43002 6.79298 94 1582.22829 10.24624 409 1570.76568 54.98341 177 1661.40809 7.87332 371 1658.31308 6.69636 1559 
Montage 50 1.0 1598.50554 11.89497 135 1642.33541 21.84574 308 1599.15483 10.04499 401 1574.04572 66.11991 206 1613.84479 8.21171 373 1677.13858 3.72014 900 
Montage 50 1.0 1618.61107 12.08969 137 1649.30779 21.55698 311 1603.45622 3.78530 146 1570.71846 59.16742 190 1616.61983 19.29785 884 1665.52588 4.16728 1028 
Montage 100 0.4 4108.48673 8.47963 57 4168.37291 6.51292 25 3961.71418 29.62697 297 3976.53278 28.68163 38 4160.37484 16.59044 414 4453.70867 2.04126 186 
Montage 100 0.4 4008.38092 27.76536 189 4148.44069 7.48955 29 3954.35373 18.66513 184 4008.81481 8.69626 11 4170.32956 8.65174 222 4146.14502 18.17830 1774 
Montage 100 0.4 4073.55170 26.06318 170 4132.07543 16.90099 66 4013.51927 12.99639 128 3991.79600 10.10411 13 4144.77864 15.57448 375 4128.42007 16.94055 1716 
Montage 100 0.4 4073.75558 10.03854 65 4183.20919 6.95270 26 3954.50561 22.56643 223 3961.49169 32.02781 43 4177.66074 15.44160 392 4446.52066 2.03068 186 
Montage 100 0.4 4051.48882 13.60735 92 4159.96674 5.09285 19 3976.11588 17.08899 165 3964.00739 37.49161 51 4162.66081 25.91032 648 4570.21172 2.03063 186 
Montage 100 0.4 4074.08506 11.89438 77 4150.89354 10.58059 41 3960.83410 20.31370 202 3960.17024 46.77599 64 4167.11222 11.91811 299 4461.25374 2.07565 186 
Montage 100 0.4 4076.09493 9.64024 64 4160.28440 9.57744 37 3945.51636 27.41403 274 3964.07139 39.20579 53 4148.36368 18.84533 459 4339.14099 2.05770 186 
Montage 100 0.4 4087.67790 16.68226 110 4164.59984 4.09956 15 4336.84053 2.11649 19 4000.58198 12.28590 16 4022.64371 23.32440 604 4251.86575 4.10334 395 
Montage 100 0.4 4072.17032 16.02860 106 4152.13045 7.39363 28 3951.96611 25.34982 252 3974.44026 18.00229 24 4062.48861 12.66501 322 4228.41407 5.99544 583 
Montage 100 0.4 4071.62379 15.84154 106 4134.21313 14.58439 57 4019.82386 13.80443 135 3961.93032 33.94634 46 4181.51261 15.14699 381 4211.61458 11.61832 1152 
Montage 100 0.7 3444.17510 39.48806 268 3578.99959 13.84956 50 3352.39836 29.54181 298 3339.71186 149.82368 122 3444.29584 19.62587 506 3509.41209 20.94911 2175 
Montage 100 0.7 3427.96247 30.13724 204 3591.86045 10.11084 36 3341.70516 29.45807 297 3350.55099 70.40460 57 3590.97392 18.79821 468 3625.14788 11.72858 1179 
Montage 100 0.7 3428.41442 25.53988 169 3552.12240 45.66272 170 3310.60038 24.71050 254 3333.60390 104.73597 85 3489.56213 30.86986 788 3533.94031 5.80430 566 
Montage 100 0.7 3471.22706 24.95638 163 3514.27784 70.13650 255 3327.33766 31.98234 329 3350.57435 74.00987 60 3570.79236 12.87834 337 3734.92749 16.61358 1569 
Montage 100 0.7 3404.80378 42.08679 284 3602.38933 11.80487 42 3318.58876 31.17690 323 3348.34429 59.66018 48 3373.91149 27.64156 737 3848.40441 13.37927 1267 
Montage 100 0.7 3417.90822 23.33645 155 3587.04126 15.86656 57 3320.26763 51.49152 526 3345.85342 98.95183 80 3455.01613 42.18368 1109 3523.64970 28.24290 2854 
Montage 100 0.7 3456.39780 17.49336 116 3563.64917 23.92880 87 3320.15181 34.23440 348 3344.69788 116.40557 94 3389.86878 21.27257 565 3486.53994 16.81765 1674 
Montage 100 0.7 3438.42597 42.21175 299 3597.36011 13.40926 48 3319.65944 47.73204 486 3341.17484 76.42815 62 3386.22558 34.95204 886 3639.74114 16.83066 1671 
Montage 100 0.7 3412.76058 48.19772 322 3614.18947 12.56448 45 3325.74046 29.25048 297 3329.42076 132.11213 107 3420.19630 28.78250 722 3616.47786 14.84694 1514 
Montage 100 0.7 3464.55210 25.69810 171 3560.25029 26.59297 97 3332.16049 29.99540 298 3344.63418 59.87713 48 3575.24778 24.50721 602 3375.74397 16.23996 1667 
Montage 100 1.0 3440.71608 31.21043 211 3603.40462 79.30719 273 3323.43349 40.56156 415 3336.64886 114.81573 66 3455.98561 37.96462 933 3476.91088 21.56732 2211 
Montage 100 1.0 3447.14899 76.17518 510 3610.90028 29.27109 97 3333.53244 41.82209 429 3336.27336 206.47693 120 3422.17995 28.69791 732 3446.24672 34.82174 3600 
Montage 100 1.0 3374.53750 34.00345 234 3594.89529 98.42740 339 3348.92444 25.52639 257 3336.84950 111.79575 64 3463.78084 59.65059 1449 3480.40448 25.25394 2483 
Montage 100 1.0 3436.71059 38.81956 251 3611.64239 62.47182 208 3326.65507 38.15628 387 3336.14255 263.00692 152 3369.76298 32.01802 830 3700.62413 20.12936 2053 
Montage 100 1.0 3384.53928 89.79134 610 3585.55542 53.46070 180 3345.98115 25.56786 261 3336.21078 220.45566 128 3482.33424 37.76205 911 3539.14167 24.07491 2468 
Montage 100 1.0 3400.50181 28.49070 196 3637.88562 11.95095 39 3323.26046 44.53661 457 3336.06776 251.56813 146 3402.79303 37.23394 954 3412.89034 21.69541 2219 
Montage 100 1.0 3400.05502 56.90250 390 3607.94312 24.48606 83 3336.02780 26.62948 265 3336.19535 291.45194 169 3400.71414 43.82330 1125 3357.94436 34.29194 3494 
Montage 100 1.0 3404.11149 26.81251 182 3594.02308 79.10465 268 3331.23702 24.00487 244 3336.25040 195.23305 113 3485.27552 42.38753 1088 3398.95972 14.50166 1445 
Montage 100 1.0 3413.50878 71.74627 484 3590.23542 63.73875 216 3315.41446 42.20303 423 3336.26209 191.94545 111 3339.44545 41.76891 1082 3380.43732 19.97071 2076 
Montage 100 1.0 3474.25094 24.94680 167 3617.64683 40.14557 133 3322.96871 33.06522 337 3338.87073 87.14346 50 3402.74120 34.91505 911 3599.36342 21.46340 2118 
Sipht 29 0.4 25014.43787 3.93880 57 25021.06411 1.00714 42 25014.44458 1.27492 142 25012.49873 1.80651 48 25014.56601 0.85655 57 21351.34783 0.20763 82 
Sipht 29 0.4 25021.81217 2.98978 43 25020.92065 0.92423 43 25014.31530 1.28211 143 25014.00249 1.79280 43 25014.43787 1.26020 85 22424.37450 0.21853 82 
Sipht 29 0.4 25013.34240 5.36098 79 25024.27906 0.63254 29 25014.38482 1.04572 115 25014.43787 1.64536 41 25014.44210 1.41781 90 24516.76738 0.21489 82 
Sipht 29 0.4 25013.30227 2.05086 30 25020.33546 1.81280 83 25013.96622 1.19006 132 25014.41569 1.91118 47 25016.06490 0.89671 61 21341.71052 0.21754 82 
Sipht 29 0.4 25012.93925 6.95752 101 25019.38653 1.37304 65 25013.94375 1.28481 129 25013.98166 1.16975 29 25014.47209 1.03348 71 22812.31310 0.21675 82 
Sipht 29 0.4 25013.44708 2.44088 36 25019.26070 1.25155 59 25014.43787 1.38606 139 25014.43787 1.16003 29 25014.45132 1.28767 89 21404.61942 0.22124 82 
Sipht 29 0.4 25013.07014 2.95254 44 25023.03803 0.93321 38 25014.45132 1.04102 112 25012.63548 2.40452 61 25014.56850 1.39634 90 22646.55953 0.21602 82 
Sipht 29 0.4 25013.14290 4.89771 71 25021.35562 1.43136 62 25014.02767 1.26157 140 25014.44458 1.34408 33 25014.56850 1.11120 70 25019.68727 0.29775 119 
Sipht 29 0.4 25013.43975 3.33671 47 25022.01508 1.76149 84 25014.59416 0.83538 92 25013.98175 1.19729 27 25016.92124 0.89754 61 20905.61578 0.21828 82 
Sipht 29 0.4 25013.07599 3.12529 44 25019.21648 2.03917 97 25014.39786 1.74123 182 25012.61716 2.32432 59 25014.56601 1.34264 84 25026.75238 0.41148 173 
Sipht 29 0.7 21138.92699 7.69572 112 21171.55879 1.60030 66 21143.15592 2.59634 287 21138.59768 4.97811 75 21144.28695 3.81372 255 21148.71607 0.61043 266 
Sipht 29 0.7 21147.65945 4.73219 67 21171.31585 2.24185 94 21143.51184 2.09458 232 21138.57055 5.90211 98 21144.21023 3.71921 248 20806.05487 0.39163 167 
Sipht 29 0.7 21139.36549 5.52225 81 21171.24693 1.68388 74 21141.60017 1.97582 220 21138.58863 6.14361 92 21138.85368 3.65337 247 21157.01868 0.59111 260 
Sipht 29 0.7 21139.26186 11.50825 166 21170.67326 2.25195 100 21143.84733 1.76598 181 21138.57055 6.28930 98 21141.70777 4.40184 298 21145.46627 0.60638 260 
Sipht 29 0.7 21139.33286 5.70097 84 21171.56524 2.15818 91 21143.16888 2.47473 275 21138.59587 3.15080 50 21141.66734 4.22293 282 21188.15606 0.51051 216 
Sipht 29 0.7 21138.78357 6.27593 93 21172.04330 2.15542 91 21138.69258 2.21430 244 21138.57884 5.09797 79 21143.72037 4.05388 272 21156.40396 0.92747 414 
Sipht 29 0.7 21139.26403 6.36448 92 21172.20103 1.17698 47 21138.75240 2.91491 329 21138.57055 3.73888 59 21142.27673 5.13181 350 21146.88197 0.90346 401 
Sipht 29 0.7 21139.17066 5.33921 77 21172.44349 1.38523 61 21138.75432 3.23611 351 21138.58497 4.58230 68 21143.95413 2.66834 183 21185.58078 0.75704 331 
Sipht 29 0.7 21139.12604 5.95109 87 21172.85231 1.57571 69 21138.70134 1.89413 199 21138.59088 4.75927 70 21144.48970 3.72571 250 21146.16443 0.82745 370 
Sipht 29 0.7 21139.48855 5.57188 80 21171.36991 3.14545 136 21142.99727 2.94170 318 21138.57200 6.59412 98 21149.71803 4.33702 296 21159.67269 0.63862 275 
Sipht 29 1.0 20710.28556 21.05038 315 21171.82937 5.85538 247 20710.40935 3.39926 379 20710.00477 3.19821 43 20712.12126 3.72474 258 20720.14973 1.95177 906 
Sipht 29 1.0 20755.14028 8.98418 131 21171.90746 4.30999 178 20710.00477 3.58638 401 20710.00477 3.20158 44 20712.46214 4.61004 316 20738.58578 1.78295 818 
Sipht 29 1.0 20716.57237 8.95417 129 21171.63068 4.42701 184 20711.23810 2.61476 280 20710.00477 3.23008 44 20713.06625 5.66648 385 20757.51445 1.56303 740 
Sipht 29 1.0 20712.06233 14.13465 210 21171.99803 5.65956 232 20712.70007 3.21984 368 20710.00477 3.17641 43 20711.59697 3.78708 260 20722.26080 0.99346 458 
Sipht 29 1.0 20713.07678 10.41601 154 21171.82761 4.96944 208 20710.00477 4.17784 473 20710.00477 3.16569 43 20711.73680 4.47135 309 20716.96752 1.32843 609 
Sipht 29 1.0 20716.83125 14.44115 214 21172.28036 3.57859 147 20710.17106 3.24995 356 20710.00477 3.18784 43 20712.33459 5.03496 344 20720.25626 1.60606 741 
Sipht 29 1.0 20711.41662 15.31681 227 21171.88679 7.32084 309 20710.00477 3.39759 376 20710.00477 3.14881 43 20713.14887 4.46278 307 20722.75917 1.12529 517 
Sipht 29 1.0 20710.64883 11.14942 166 21172.00780 5.92422 242 20710.17106 3.45218 391 20710.00477 3.20856 43 20712.11333 4.66355 321 20716.66703 1.57868 717 
Sipht 29 1.0 21138.75030 6.65337 97 21172.30249 6.42055 266 20710.17106 3.38109 366 20710.00477 3.43532 46 20713.17080 3.15430 214 20785.59920 1.66416 777 
Sipht 29 1.0 20731.65376 14.80771 217 21171.79920 3.81237 158 20710.17106 4.23170 468 20710.00477 3.75776 52 20711.57099 4.22060 289 20716.99699 1.40733 656 
Sipht 58 0.4 38932.15317 16.53852 174 39044.01915 1.99898 26 38543.97787 12.24249 388 38544.22305 28.35595 147 38549.44755 6.91891 308 38623.62266 0.96467 189 
Sipht 58 0.4 38582.42883 20.84009 222 39027.86838 9.22538 125 38543.93149 10.74138 342 38547.89293 21.94132 112 38546.58195 5.66701 247 38730.17063 2.32450 470 
Sipht 58 0.4 38928.55285 12.16621 129 39028.93346 7.72627 103 38547.23727 9.54346 299 38548.26914 11.06885 56 38551.61475 5.16184 232 38968.30011 2.35229 480 
Sipht 58 0.4 38925.33610 16.44929 166 39029.22816 4.41476 59 38543.86577 10.51920 327 38545.33184 24.06739 118 38554.92586 6.73514 299 39076.42405 2.60716 531 
Sipht 58 0.4 38583.22380 12.95481 135 39032.54715 4.24046 56 38543.93381 11.19550 355 38548.45834 13.12200 71 38554.37795 7.75272 350 39058.41216 2.66873 540 
Sipht 58 0.4 38580.74489 13.97828 147 39023.69798 8.55146 116 38924.70310 8.45397 274 38554.80229 3.92851 18 38544.56020 13.78251 610 38988.00973 0.97953 194 
Sipht 58 0.4 38925.34786 15.96289 169 39026.13093 8.10101 109 38544.12766 8.33629 261 38547.04867 23.91194 114 38553.21274 7.63148 341 38993.85032 1.69444 341 
Sipht 58 0.4 38583.31912 13.56953 143 39046.59193 2.62303 35 38925.57346 6.85251 215 38554.20135 8.06667 40 38551.46269 6.99833 317 40246.53432 1.59160 318 
Sipht 58 0.4 38581.86596 13.17839 139 39029.41933 5.10694 68 38924.93718 9.29461 293 38550.44670 11.12836 54 38550.01444 6.96945 311 44700.81567 1.58453 312 
Sipht 58 0.4 38924.01336 21.47534 226 39025.85718 12.44113 169 38924.30902 7.78173 249 38548.99475 18.55152 101 38557.65859 6.25542 275 38643.81928 1.54111 308 
Sipht 58 0.7 37582.47678 27.43127 287 38155.54070 8.04932 101 38519.34050 12.52378 406 37545.60772 84.91013 280 37937.89543 17.32226 779 38124.87895 1.38420 282 
Sipht 58 0.7 37872.92805 37.40957 399 38155.01013 11.25609 144 37558.36877 13.91278 449 37545.50973 64.51531 212 37547.18331 11.58955 515 37455.76066 9.41406 1956 
Sipht 58 0.7 37573.70780 37.64095 400 38196.07710 13.37765 169 37923.19938 14.14817 456 37548.02279 40.06671 127 37877.05544 20.55999 940 37925.06554 3.26958 679 
Sipht 58 0.7 37573.76893 39.68912 419 38160.72742 4.77274 60 37563.30858 14.81413 476 37548.92093 49.71610 158 37574.19840 16.27837 726 37897.08830 8.83449 1852 
Sipht 58 0.7 37574.35634 34.97212 369 38151.22721 7.51428 94 38118.54792 13.40798 432 37552.07138 32.95035 99 39064.56122 7.72576 346 38155.38162 2.33184 474 
Sipht 58 0.7 37576.10980 20.48656 216 38146.82598 16.62736 212 37559.96969 14.84304 479 37546.64642 82.19732 289 37561.05313 21.55134 960 38883.28368 5.19775 1061 
Sipht 58 0.7 37574.95080 34.62989 368 38154.27054 9.52299 121 37558.20244 22.83889 743 37547.66113 94.46661 288 37576.72263 10.26112 457 38715.62186 2.73197 564 
Sipht 58 0.7 37943.70766 45.31762 481 38142.90193 17.03236 216 37559.95865 26.83856 859 37546.47296 65.70649 208 37920.00378 14.16980 650 38446.80366 8.03154 1648 
Sipht 58 0.7 37576.24973 19.89718 209 38160.25623 16.69451 212 37558.53912 14.96787 476 37546.07851 97.03233 321 37545.57597 19.99635 908 37911.97918 4.75934 996 
Sipht 58 0.7 37592.87174 22.66776 238 38142.24284 11.34660 143 37541.50350 15.19742 491 37555.34584 30.05946 93 37886.39650 16.14623 729 40047.49882 5.42743 1120 
Sipht 58 1.0 37452.85346 43.48120 462 37596.64251 15.96069 189 37471.41155 17.57820 564 37473.46434 96.70317 265 37455.81824 21.34098 958 37965.49465 5.58987 1190 
Sipht 58 1.0 37472.00254 40.72297 436 37593.45491 22.00057 262 37553.09382 15.12470 488 37473.46434 122.14587 335 37456.18656 30.77838 1404 37551.28227 3.67133 763 
Sipht 58 1.0 37436.63468 56.90061 603 37591.09757 23.57198 277 37456.45854 17.36020 556 37473.46434 90.09963 253 37456.93622 18.98687 856 38000.20984 4.77435 997 
Sipht 58 1.0 37475.02482 30.87465 325 37596.00680 29.20049 347 37550.36386 18.39427 590 37486.48982 105.30545 287 37641.47511 31.90127 1450 38543.71175 2.95654 622 
Sipht 58 1.0 37471.26699 49.65547 531 37596.98444 21.19783 251 37452.83738 16.10780 526 37473.46434 113.67947 310 37644.39260 13.19653 588 37803.89924 3.12104 654 
Sipht 58 1.0 37453.37007 59.40357 634 37599.55085 17.61791 210 37550.32201 22.89953 738 37491.97518 30.98014 81 37437.03592 23.90158 1080 37907.07929 6.10270 1309 
Sipht 58 1.0 37471.73144 44.02294 471 37601.26824 23.46290 280 38728.09779 21.04245 693 37486.48982 94.68352 263 37456.85273 19.03278 860 38857.77699 6.60433 1372 
Sipht 58 1.0 37472.99246 36.80895 388 37592.12529 14.04845 166 37453.70805 18.35988 594 37473.46434 91.11914 256 37459.44233 12.20737 546 37499.11506 7.79492 1669 
Sipht 58 1.0 37476.25508 33.84393 356 37590.38656 20.70039 245 37548.80008 19.15690 624 37482.02458 150.48967 372 37553.81454 21.08149 962 39070.91310 7.06812 1507 
Sipht 58 1.0 37471.71507 55.20076 592 37593.89439 21.88709 260 37550.31705 17.10662 551 37478.89273 143.15568 391 37438.05036 14.16492 646 37926.98670 8.28136 1736 
Sipht 97 0.4 59036.03623 28.48055 205 59466.68056 14.96453 69 59002.44381 37.63647 416 58997.84844 34.14095 60 59005.94028 11.42055 321 59086.51984 8.50728 911 
Sipht 97 0.4 59005.98438 39.35644 284 59470.38027 19.84447 92 58998.43851 33.17134 365 59002.87932 10.90065 17 59002.76035 19.52633 546 59704.21735 3.03814 313 
Sipht 97 0.4 59005.16404 44.84605 323 59482.81816 9.90881 45 58998.88734 26.14527 286 58998.02206 45.92446 80 59003.75431 19.54406 555 59033.90813 8.20670 868 
Sipht 97 0.4 59004.67967 47.99425 347 59458.50144 21.96288 101 58997.81326 28.59304 316 58997.83600 29.64877 50 59010.09054 12.90295 360 59091.51971 5.13302 538 
Sipht 97 0.4 59006.30305 36.89181 265 59466.17366 16.32371 74 58999.03071 25.50135 281 58997.74800 46.16296 81 59030.24281 17.59586 488 59075.63281 10.86710 1154 
Sipht 97 0.4 59005.83825 28.29966 204 59484.41895 8.17702 37 58998.52339 29.50720 321 59004.39778 9.70654 15 59003.39358 20.01633 553 59599.57678 4.94903 527 
Sipht 97 0.4 59007.39176 32.35613 234 59466.23205 19.15434 88 58998.46422 31.76606 348 59004.62192 6.74865 10 59003.59067 15.77011 446 59110.67755 1.66347 171 
Sipht 97 0.4 59008.67059 35.82243 256 59454.90302 21.32283 98 58998.97823 26.87594 298 58998.00675 26.83028 47 59006.36054 14.96057 413 59186.52014 3.94837 409 
Sipht 97 0.4 59073.84560 30.58672 218 59460.50557 24.55910 114 58999.11617 34.80336 388 58997.71854 35.52599 61 59004.12045 17.80785 498 59035.05466 10.62027 1135 
Sipht 97 0.4 59004.72053 44.64493 320 59489.84336 15.36997 70 59000.13442 23.14264 252 59000.87753 15.03811 24 59003.58925 24.18904 687 59042.53793 5.43715 577 
Sipht 97 0.7 53450.84367 68.14943 502 53803.13661 8.75894 38 54125.54929 87.07030 993 53300.79474 263.41194 222 55642.19644 27.25633 789 55319.28657 15.48286 1683 
Sipht 97 0.7 54069.83101 101.58126 753 53771.90931 10.73123 47 54161.59609 55.29594 635 53361.73797 127.48117 109 54254.50141 33.55874 963 54885.61663 11.26771 1202 
Sipht 97 0.7 54337.77860 60.70294 445 53741.80542 38.75470 174 54108.30578 45.49537 504 53308.52813 151.60258 126 54250.06409 31.76098 885 56907.29049 15.65419 1674 
Sipht 97 0.7 54596.83149 59.40030 440 53760.43827 20.89014 93 55073.55466 55.71140 634 53380.65509 69.68140 61 54821.34076 49.73267 1393 55515.91166 13.71890 1462 
Sipht 97 0.7 54088.33318 81.67062 599 53756.60645 20.11853 89 54114.69748 55.25786 617 53389.35308 84.20147 76 55792.90283 23.99864 681 55021.41606 11.87384 1278 
Sipht 97 0.7 53460.78753 93.00246 684 53718.90373 72.61376 326 56217.98274 8.45912 90 53361.59873 74.47497 64 56104.28365 26.77739 769 56926.95057 7.35820 781 
Sipht 97 0.7 53465.44611 94.77711 709 53796.82259 11.56756 51 54657.95337 49.93735 577 53379.37196 71.48034 61 54379.17838 32.32730 948 54568.14652 9.71945 1047 
Sipht 97 0.7 54965.64526 70.44488 523 53734.76961 63.51400 286 54775.87038 55.11831 639 53322.24247 274.20554 245 54004.63198 33.51063 943 56743.99546 14.25484 1531 
Sipht 97 0.7 54073.10827 88.88001 661 53747.50304 62.22051 278 54166.76281 57.35683 655 53277.77419 130.34031 118 54952.07795 69.41181 2002 56747.78680 14.63244 1583 
Sipht 97 0.7 53564.64061 64.05583 468 53755.33794 25.38999 113 54168.53012 44.21008 499 53314.54938 150.32719 128 54794.41682 66.31873 1883 57506.84045 16.45753 1742 
Sipht 97 1.0 54534.92512 170.46127 1264 53645.01189 29.78775 125 54341.03260 59.44048 664 52835.65769 318.55301 226 54974.14509 54.00962 1542 55606.66404 29.50449 3263 
Sipht 97 1.0 53667.29342 64.36381 469 53755.21800 9.77006 40 53175.11392 63.93274 720 52836.90592 466.36187 271 53941.08170 30.04777 869 53629.19521 38.96726 4257 
Sipht 97 1.0 53441.98040 108.38125 805 53597.24182 85.52799 363 53201.07868 71.20473 828 52847.10642 167.98601 117 53699.73622 57.69717 1611 54450.00460 27.94782 3021 
Sipht 97 1.0 53854.93496 106.31601 772 53599.15508 95.73335 406 54157.19970 49.65565 551 52840.19834 126.64720 84 54880.82568 70.39844 2031 54601.13899 14.87168 1620 
Sipht 97 1.0 54308.35700 88.05938 638 53629.95985 101.73349 434 53215.11560 57.35128 662 52835.70071 255.17102 169 53555.82011 51.44918 1446 53094.07288 47.12787 5186 
Sipht 97 1.0 54420.39949 122.13200 908 53629.38275 66.51645 280 53742.92078 76.94207 871 52835.77464 208.69452 148 54672.01518 36.48762 1030 55080.23350 13.79055 1484 
Sipht 97 1.0 53368.89079 136.20217 1016 53667.96404 24.66980 103 53241.89912 59.55340 688 52848.32838 175.43971 115 54794.78347 43.05296 1196 54340.13651 14.68227 1603 
Sipht 97 1.0 53634.30126 108.14167 798 53652.03061 33.94407 142 54477.34011 52.36644 578 52836.90592 419.96952 265 54450.84250 51.64614 1478 54288.83774 14.65938 1563 
Sipht 97 1.0 54286.21424 98.68788 716 53590.46073 93.39940 395 53651.90584 46.45086 540 52842.54191 306.42192 186 54105.79267 48.92948 1437 54683.90754 11.57251 1250 
Sipht 97 1.0 54266.91147 114.23105 833 53585.51640 96.46055 410 53792.21270 67.08360 748 53044.93587 506.66717 301 54607.85189 42.72838 1223 54519.60649 20.65532 2306 
